       000 -1.148e-01
 5.000e-05 -9.508e-01
 1.000e-04 -4.961e-01
 1.500e-04  5.196e-01
 2.000e-04  1.214e+00
 2.500e-04  8.705e-01
 3.000e-04  3.307e-01
 3.500e-04  7.022e-01
 4.000e-04 -7.212e-02
 4.500e-04 -6.218e-01
 5.000e-04 -1.008e+00
 5.500e-04  3.374e-01
 6.000e-04  7.422e-01
 6.500e-04  5.805e-01
 7.000e-04  6.875e-01
 7.500e-04  1.027e+00
 8.000e-04  4.050e-01
 8.500e-04 -8.525e-01
 9.000e-04 -6.823e-01
 9.500e-04 -2.939e-01
 1.000e-03  4.059e-01
 1.050e-03  4.140e-02
 1.100e-03  7.863e-01
 1.150e-03  1.055e+00
 1.200e-03  8.945e-01
 1.250e-03  1.864e-02
 1.300e-03 -7.301e-01
 1.350e-03  9.190e-02
 1.400e-03 -1.295e-02
 1.450e-03  3.272e-02
 1.500e-03  2.827e-01
 1.550e-03  1.485e+00
 1.600e-03  1.193e+00
 1.650e-03  2.311e-01
 1.700e-03 -4.763e-01
 1.750e-03 -5.330e-01
 1.800e-03 -3.772e-02
 1.850e-03 -7.202e-01
 1.900e-03  1.641e-01
 1.950e-03  7.579e-01
 2.000e-03  1.258e+00
 2.050e-03  2.063e-01
 2.100e-03 -1.046e-01
 2.150e-03 -3.072e-01
 2.200e-03 -9.546e-02
 2.250e-03 -5.987e-01
 2.300e-03 -3.688e-01
 2.350e-03  1.095e+00
 2.400e-03  1.137e+00
 2.450e-03  9.647e-01
 2.500e-03  2.275e-01
 2.550e-03  5.447e-01
 2.600e-03 -2.911e-01
 2.650e-03 -6.830e-01
 2.700e-03 -5.582e-01
 2.750e-03  4.142e-01
 2.800e-03  1.137e+00
 2.850e-03  3.580e-01
 2.900e-03  6.447e-01
 2.950e-03  2.636e-01
 3.000e-03  4.351e-01
 3.050e-03 -1.002e+00
 3.100e-03 -7.504e-01
 3.150e-03 -1.113e-01
 3.200e-03  5.151e-01
 3.250e-03  8.118e-01
 3.300e-03  5.964e-01
 3.350e-03  1.256e+00
 3.400e-03  6.827e-01
 3.450e-03 -7.479e-02
 3.500e-03 -1.135e+00
 3.550e-03  1.363e-01
 3.600e-03  1.247e-01
 3.650e-03  2.855e-01
 3.700e-03  7.749e-01
 3.750e-03  1.299e+00
 3.800e-03  1.205e+00
 3.850e-03 -2.871e-01
 3.900e-03 -4.369e-01
 3.950e-03 -4.367e-01
 4.000e-03 -2.029e-01
 4.050e-03 -5.297e-01
 4.100e-03  5.153e-01
 4.150e-03  1.122e+00
 4.200e-03  1.044e+00
 4.250e-03  4.318e-01
 4.300e-03 -4.239e-01
 4.350e-03 -7.371e-03
 4.400e-03 -4.586e-01
 4.450e-03 -2.401e-01
 4.500e-03 -6.513e-02
 4.550e-03  1.227e+00
 4.600e-03  1.140e+00
 4.650e-03  5.386e-01
 4.700e-03 -1.605e-02
 4.750e-03 -1.627e-01
 4.800e-03 -2.932e-01
 4.850e-03 -1.057e+00
 4.900e-03 -4.668e-01
 4.950e-03  5.165e-01
 5.000e-03  1.378e+00
 5.050e-03  3.406e-01
 5.100e-03  3.734e-01
 5.150e-03  2.626e-01
 5.200e-03  1.346e-01
 5.250e-03 -8.838e-01
 5.300e-03 -9.441e-01
 5.350e-03  5.887e-01
 5.400e-03  8.305e-01
 5.450e-03  1.178e+00
 5.500e-03  4.053e-01
 5.550e-03  8.753e-01
 5.600e-03  3.602e-01
 5.650e-03 -7.088e-01
 5.700e-03 -9.740e-01
 5.750e-03 -4.849e-02
 5.800e-03  4.270e-01
 5.850e-03  3.407e-02
 5.900e-03  9.518e-01
 5.950e-03  6.549e-01
 6.000e-03  8.418e-01
 6.050e-03 -5.360e-01
 6.100e-03 -9.373e-01
 6.150e-03 -3.652e-01
 6.200e-03  4.617e-02
 6.250e-03  8.032e-02
 6.300e-03  5.974e-01
 6.350e-03  1.464e+00
 6.400e-03  7.739e-01
 6.450e-03  3.428e-01
 6.500e-03 -8.066e-01
 6.550e-03 -1.074e-01
 6.600e-03 -5.681e-02
 6.650e-03 -1.317e-01
 6.700e-03  9.304e-02
 6.750e-03  1.113e+00
 6.800e-03  1.433e+00
 6.850e-03  6.980e-02
 6.900e-03 -8.658e-02
 6.950e-03 -4.998e-01
 7.000e-03 -3.951e-02
 7.050e-03 -8.736e-01
 7.100e-03  1.525e-03
 7.150e-03  9.769e-01
 7.200e-03  1.315e+00
 7.250e-03  8.421e-01
 7.300e-03 -2.736e-02
 7.350e-03  1.970e-01
 7.400e-03 -3.880e-01
 7.450e-03 -7.198e-01
 7.500e-03 -7.041e-01
 7.550e-03  9.616e-01
 7.600e-03  8.817e-01
 7.650e-03  1.006e+00
 7.700e-03  3.929e-01
 7.750e-03  5.879e-01
 7.800e-03  1.274e-01
 7.850e-03 -1.191e+00
 7.900e-03 -5.653e-01
 7.950e-03 -1.886e-01
 8.000e-03  1.072e+00
 8.050e-03  5.626e-01
 8.100e-03  8.966e-01
 8.150e-03  7.226e-01
 8.200e-03  2.470e-01
 8.250e-03 -5.726e-01
 8.300e-03 -9.695e-01
 8.350e-03 -2.139e-02
 8.400e-03  1.808e-01
 8.450e-03  6.167e-01
 8.500e-03  3.935e-01
 8.550e-03  1.598e+00
 8.600e-03  6.481e-01
 8.650e-03 -1.696e-01
 8.700e-03 -8.811e-01
 8.750e-03 -4.166e-01
 8.800e-03 -8.074e-03
 8.850e-03 -1.822e-01
 8.900e-03  7.295e-01
 8.950e-03  1.000e+00
 9.000e-03  1.232e+00
 9.050e-03 -3.657e-01
 9.100e-03 -4.101e-01
 9.150e-03 -2.218e-01
 9.200e-03 -1.980e-01
 9.250e-03 -1.110e-01
 9.300e-03 -5.771e-03
 9.350e-03  1.536e+00
 9.400e-03  1.385e+00
 9.450e-03  8.112e-01
 9.500e-03 -3.179e-01
 9.550e-03  8.769e-02
 9.600e-03 -3.167e-01
 9.650e-03 -7.609e-01
 9.700e-03 -8.857e-02
 9.750e-03  6.502e-01
 9.800e-03  1.335e+00
 9.850e-03  3.824e-01
 9.900e-03  4.585e-01
 9.950e-03  1.325e-01
 1.000e-02 -2.756e-01
 1.005e-02 -1.006e+00
 1.010e-02 -7.242e-01
 1.015e-02  2.204e-01
 1.020e-02  9.072e-01
 1.025e-02  9.731e-01
 1.030e-02  3.615e-01
 1.035e-02  9.344e-01
 1.040e-02  1.817e-01
 1.045e-02 -6.356e-01
 1.050e-02 -8.652e-01
 1.055e-02  3.947e-01
 1.060e-02  4.496e-01
 1.065e-02  7.796e-01
 1.070e-02  6.180e-01
 1.075e-02  7.172e-01
 1.080e-02  5.985e-01
 1.085e-02 -9.220e-01
 1.090e-02 -6.398e-01
 1.095e-02 -4.467e-01
 1.100e-02  4.709e-01
 1.105e-02  2.452e-01
 1.110e-02  5.258e-01
 1.115e-02  1.198e+00
 1.120e-02  1.016e+00
 1.125e-02 -1.058e-02
 1.130e-02 -9.524e-01
 1.135e-02 -8.893e-02
 1.140e-02 -7.751e-02
 1.145e-02  1.914e-01
 1.150e-02  1.428e-01
 1.155e-02  1.540e+00
 1.160e-02  1.295e+00
 1.165e-02  3.172e-01
 1.170e-02 -4.423e-01
 1.175e-02 -2.376e-01
 1.180e-02 -4.395e-02
 1.185e-02 -6.878e-01
 1.190e-02  2.690e-01
 1.195e-02  9.587e-01
 1.200e-02  1.280e+00
 1.205e-02  3.618e-01
 1.210e-02 -4.525e-02
 1.215e-02  4.241e-02
 1.220e-02 -3.024e-01
 1.225e-02 -4.944e-01
 1.230e-02 -2.246e-01
 1.235e-02  1.201e+00
 1.240e-02  9.993e-01
 1.245e-02  1.175e+00
 1.250e-02  3.440e-01
 1.255e-02  6.852e-01
 1.260e-02 -3.656e-01
 1.265e-02 -9.473e-01
 1.270e-02 -6.917e-01
 1.275e-02  4.844e-01
 1.280e-02  1.027e+00
 1.285e-02  4.499e-01
 1.290e-02  8.934e-01
 1.295e-02  3.245e-01
 1.300e-02  3.718e-01
 1.305e-02 -1.065e+00
 1.310e-02 -7.224e-01
 1.315e-02 -4.320e-02
 1.320e-02  5.358e-01
 1.325e-02  5.624e-01
 1.330e-02  7.592e-01
 1.335e-02  1.148e+00
 1.340e-02  3.593e-01
 1.345e-02 -2.950e-01
 1.350e-02 -9.916e-01
 1.355e-02  1.352e-01
 1.360e-02  1.657e-01
 1.365e-02  4.484e-01
 1.370e-02  6.953e-01
 1.375e-02  1.272e+00
 1.380e-02  1.087e+00
 1.385e-02 -5.618e-01
 1.390e-02 -4.581e-01
 1.395e-02 -7.416e-01
 1.400e-02 -8.888e-03
 1.405e-02 -2.685e-01
 1.410e-02  5.786e-01
 1.415e-02  9.933e-01
 1.420e-02  1.127e+00
 1.425e-02  1.544e-01
 1.430e-02 -5.019e-01
 1.435e-02 -1.691e-01
 1.440e-02 -2.654e-01
 1.445e-02 -3.812e-01
 1.450e-02 -1.389e-01
 1.455e-02  1.206e+00
 1.460e-02  1.100e+00
 1.465e-02  5.916e-01
 1.470e-02 -1.106e-01
 1.475e-02 -9.309e-02
 1.480e-02 -8.268e-02
 1.485e-02 -9.758e-01
 1.490e-02 -4.885e-01
 1.495e-02  5.753e-01
 1.500e-02  1.458e+00
 1.505e-02  2.913e-01
 1.510e-02  4.498e-01
 1.515e-02  3.469e-01
 1.520e-02  1.319e-01
 1.525e-02 -8.516e-01
 1.530e-02 -9.062e-01
 1.535e-02  5.359e-01
 1.540e-02  7.209e-01
 1.545e-02  1.172e+00
 1.550e-02  3.717e-01
 1.555e-02  8.936e-01
 1.560e-02  2.050e-01
 1.565e-02 -4.707e-01
 1.570e-02 -8.092e-01
 1.575e-02 -1.135e-01
 1.580e-02  5.530e-01
 1.585e-02  2.880e-01
 1.590e-02  9.051e-01
 1.595e-02  1.017e+00
 1.600e-02  8.980e-01
 1.605e-02 -6.315e-01
 1.610e-02 -8.369e-01
 1.615e-02 -5.598e-01
 1.620e-02  1.360e-01
 1.625e-02  3.160e-01
 1.630e-02  6.859e-01
 1.635e-02  1.460e+00
 1.640e-02  8.723e-01
 1.645e-02  2.159e-01
 1.650e-02 -6.946e-01
 1.655e-02 -2.744e-01
 1.660e-02 -2.067e-01
 1.665e-02 -3.060e-01
 1.670e-02  1.651e-01
 1.675e-02  1.159e+00
 1.680e-02  1.514e+00
 1.685e-02  2.572e-01
 1.690e-02 -2.295e-01
 1.695e-02 -2.872e-01
 1.700e-02 -4.977e-02
 1.705e-02 -9.428e-01
 1.710e-02  4.462e-02
 1.715e-02  7.722e-01
 1.720e-02  1.091e+00
 1.725e-02  6.352e-01
 1.730e-02 -1.067e-01
 1.735e-02  5.098e-01
 1.740e-02 -4.924e-01
 1.745e-02 -4.923e-01
 1.750e-02 -7.640e-01
 1.755e-02  6.645e-01
 1.760e-02  1.081e+00
 1.765e-02  6.832e-01
 1.770e-02  6.548e-01
 1.775e-02  4.446e-01
 1.780e-02  6.217e-02
 1.785e-02 -1.255e+00
 1.790e-02 -6.818e-01
 1.795e-02  1.055e-02
 1.800e-02  8.441e-01
 1.805e-02  4.336e-01
 1.810e-02  8.856e-01
 1.815e-02  9.185e-01
 1.820e-02  4.456e-01
 1.825e-02 -5.550e-01
 1.830e-02 -9.006e-01
 1.835e-02  1.586e-01
 1.840e-02  4.513e-01
 1.845e-02  7.753e-01
 1.850e-02  6.744e-01
 1.855e-02  1.389e+00
 1.860e-02  7.686e-01
 1.865e-02 -3.731e-01
 1.870e-02 -9.093e-01
 1.875e-02 -3.196e-01
 1.880e-02  2.697e-01
 1.885e-02 -3.867e-01
 1.890e-02  6.860e-01
 1.895e-02  1.142e+00
 1.900e-02  1.268e+00
 1.905e-02 -3.057e-01
 1.910e-02 -4.513e-01
 1.915e-02 -4.122e-01
 1.920e-02 -2.785e-01
 1.925e-02 -4.085e-01
 1.930e-02  2.751e-01
 1.935e-02  1.385e+00
 1.940e-02  1.117e+00
 1.945e-02  8.706e-01
 1.950e-02 -2.553e-01
 1.955e-02  9.670e-02
 1.960e-02 -5.056e-01
 1.965e-02 -5.937e-01
 1.970e-02 -1.279e-01
 1.975e-02  8.994e-01
 1.980e-02  1.499e+00
 1.985e-02  6.066e-01
 1.990e-02  2.500e-01
 1.995e-02 -1.846e-02
 2.000e-02 -1.193e-01
 2.005e-02 -1.144e+00
 2.010e-02 -4.688e-01
 2.015e-02  5.014e-01
 2.020e-02  1.077e+00
 2.025e-02  9.359e-01
 2.030e-02  5.478e-01
 2.035e-02  8.494e-01
 2.040e-02 -1.104e-01
 2.045e-02 -6.544e-01
 2.050e-02 -1.001e+00
 2.055e-02  3.159e-01
 2.060e-02  8.025e-01
 2.065e-02  6.203e-01
 2.070e-02  5.847e-01
 2.075e-02  7.131e-01
 2.080e-02  4.703e-01
 2.085e-02 -7.258e-01
 2.090e-02 -8.670e-01
 2.095e-02 -3.052e-01
 2.100e-02  2.652e-01
 2.105e-02  2.599e-01
 2.110e-02  7.297e-01
 2.115e-02  1.262e+00
 2.120e-02  8.650e-01
 2.125e-02 -2.109e-01
 2.130e-02 -6.776e-01
 2.135e-02 -2.114e-01
 2.140e-02  2.227e-02
 2.145e-02  1.847e-01
 2.150e-02  4.130e-01
 2.155e-02  1.476e+00
 2.160e-02  9.146e-01
 2.165e-02  4.408e-01
 2.170e-02 -4.510e-01
 2.175e-02 -2.067e-01
 2.180e-02 -3.680e-01
 2.185e-02 -9.001e-01
 2.190e-02  1.996e-01
 2.195e-02  6.696e-01
 2.200e-02  1.559e+00
 2.205e-02  9.446e-02
 2.210e-02  1.236e-01
 2.215e-02 -1.517e-02
 2.220e-02 -4.569e-01
 2.225e-02 -6.711e-01
 2.230e-02 -3.845e-01
 2.235e-02  1.132e+00
 2.240e-02  1.180e+00
 2.245e-02  1.191e+00
 2.250e-02  2.249e-01
 2.255e-02  7.703e-01
 2.260e-02 -2.521e-01
 2.265e-02 -6.335e-01
 2.270e-02 -6.233e-01
 2.275e-02  2.190e-01
 2.280e-02  1.051e+00
 2.285e-02  5.707e-01
 2.290e-02  8.923e-01
 2.295e-02  6.122e-01
 2.300e-02  2.861e-01
 2.305e-02 -1.108e+00
 2.310e-02 -7.363e-01
 2.315e-02  1.252e-01
 2.320e-02  6.598e-01
 2.325e-02  5.783e-01
 2.330e-02  5.180e-01
 2.335e-02  1.363e+00
 2.340e-02  6.065e-01
 2.345e-02 -3.675e-01
 2.350e-02 -9.628e-01
 2.355e-02  1.247e-01
 2.360e-02  1.598e-01
 2.365e-02  2.952e-01
 2.370e-02  5.048e-01
 2.375e-02  1.318e+00
 2.380e-02  1.196e+00
 2.385e-02 -3.074e-01
 2.390e-02 -5.398e-01
 2.395e-02 -6.654e-01
 2.400e-02  1.110e-01
 2.405e-02 -3.437e-01
 2.410e-02  5.644e-01
 2.415e-02  1.337e+00
 2.420e-02  1.094e+00
 2.425e-02  2.658e-01
 2.430e-02 -4.728e-01
 2.435e-02  1.926e-01
 2.440e-02 -3.124e-01
 2.445e-02 -1.243e-01
 2.450e-02  6.876e-03
 2.455e-02  1.265e+00
 2.460e-02  1.147e+00
 2.465e-02  7.208e-01
 2.470e-02 -1.387e-01
 2.475e-02 -2.197e-01
 2.480e-02 -1.934e-02
 2.485e-02 -1.175e+00
 2.490e-02 -1.519e-01
 2.495e-02  4.188e-01
 2.500e-02  1.335e+00
 2.505e-02  5.898e-01
 2.510e-02  5.482e-01
 2.515e-02  4.962e-01
 2.520e-02  1.123e-01
 2.525e-02 -7.599e-01
 2.530e-02 -8.110e-01
 2.535e-02  6.679e-01
 2.540e-02  8.186e-01
 2.545e-02  9.815e-01
 2.550e-02  5.529e-01
 2.555e-02  1.044e+00
 2.560e-02  1.987e-01
 2.565e-02 -4.915e-01
 2.570e-02 -1.069e+00
 2.575e-02 -9.669e-02
 2.580e-02  6.013e-01
 2.585e-02  1.533e-01
 2.590e-02  9.136e-01
 2.595e-02  7.816e-01
 2.600e-02  9.304e-01
 2.605e-02 -6.679e-01
 2.610e-02 -6.434e-01
 2.615e-02 -4.837e-01
 2.620e-02 -6.014e-03
 2.625e-02  4.664e-02
 2.630e-02  6.898e-01
 2.635e-02  1.464e+00
 2.640e-02  9.392e-01
 2.645e-02  1.396e-01
 2.650e-02 -8.454e-01
 2.655e-02 -1.316e-01
 2.660e-02 -1.308e-01
 2.665e-02 -3.621e-01
 2.670e-02  1.354e-01
 2.675e-02  1.114e+00
 2.680e-02  1.438e+00
 2.685e-02  1.107e-02
 2.690e-02 -2.417e-01
 2.695e-02 -3.112e-01
 2.700e-02 -1.751e-01
 2.705e-02 -6.712e-01
 2.710e-02  1.126e-01
 2.715e-02  8.198e-01
 2.720e-02  1.404e+00
 2.725e-02  5.621e-01
 2.730e-02  2.652e-01
 2.735e-02  4.650e-01
 2.740e-02 -2.173e-01
 2.745e-02 -5.941e-01
 2.750e-02 -5.869e-01
 2.755e-02  9.405e-01
 2.760e-02  9.826e-01
 2.765e-02  6.295e-01
 2.770e-02  4.695e-01
 2.775e-02  3.799e-01
 2.780e-02  1.305e-02
 2.785e-02 -1.151e+00
 2.790e-02 -5.550e-01
 2.795e-02 -4.820e-02
 2.800e-02  7.441e-01
 2.805e-02  3.318e-01
 2.810e-02  8.638e-01
 2.815e-02  7.799e-01
 2.820e-02  3.089e-01
 2.825e-02 -4.717e-01
 2.830e-02 -1.123e+00
 2.835e-02 -5.205e-02
 2.840e-02  3.040e-01
 2.845e-02  7.073e-01
 2.850e-02  5.179e-01
 2.855e-02  1.330e+00
 2.860e-02  9.120e-01
 2.865e-02 -1.582e-01
 2.870e-02 -7.896e-01
 2.875e-02 -3.975e-01
 2.880e-02  2.150e-01
 2.885e-02 -1.454e-01
 2.890e-02  6.741e-01
 2.895e-02  1.041e+00
 2.900e-02  1.085e+00
 2.905e-02 -1.507e-01
 2.910e-02 -4.840e-01
 2.915e-02 -3.184e-01
 2.920e-02 -3.971e-01
 2.925e-02 -1.263e-01
 2.930e-02  2.807e-01
 2.935e-02  1.224e+00
 2.940e-02  1.313e+00
 2.945e-02  6.509e-01
 2.950e-02 -4.314e-01
 2.955e-02  2.848e-01
 2.960e-02 -2.769e-01
 2.965e-02 -4.449e-01
 2.970e-02 -2.630e-01
 2.975e-02  6.062e-01
 2.980e-02  1.295e+00
 2.985e-02  4.768e-01
 2.990e-02  1.360e-01
 2.995e-02 -1.055e-01
 3.000e-02  9.405e-02
 3.005e-02 -9.629e-01
 3.010e-02 -6.850e-01
 3.015e-02  4.388e-01
 3.020e-02  9.727e-01
 3.025e-02  1.023e+00
 3.030e-02  3.516e-01
 3.035e-02  9.829e-01
 3.040e-02  5.752e-02
 3.045e-02 -6.470e-01
 3.050e-02 -8.665e-01
 3.055e-02  2.577e-01
 3.060e-02  7.114e-01
 3.065e-02  7.927e-01
 3.070e-02  8.007e-01
 3.075e-02  9.110e-01
 3.080e-02  4.622e-01
 3.085e-02 -7.703e-01
 3.090e-02 -9.114e-01
 3.095e-02 -5.484e-01
 3.100e-02  2.841e-01
 3.105e-02  2.194e-02
 3.110e-02  6.380e-01
 3.115e-02  1.057e+00
 3.120e-02  1.028e+00
 3.125e-02 -2.550e-02
 3.130e-02 -9.193e-01
 3.135e-02 -2.030e-01
 3.140e-02 -1.451e-01
 3.145e-02  1.306e-01
 3.150e-02  3.702e-01
 3.155e-02  1.632e+00
 3.160e-02  1.129e+00
 3.165e-02  1.035e-01
 3.170e-02 -3.488e-01
 3.175e-02 -3.996e-01
 3.180e-02 -3.186e-01
 3.185e-02 -5.261e-01
 3.190e-02  2.827e-01
 3.195e-02  8.336e-01
 3.200e-02  1.553e+00
 3.205e-02  4.518e-01
 3.210e-02  1.586e-01
 3.215e-02 -7.072e-02
 3.220e-02 -1.806e-01
 3.225e-02 -8.241e-01
 3.230e-02 -2.175e-01
 3.235e-02  1.015e+00
 3.240e-02  1.099e+00
 3.245e-02  1.021e+00
 3.250e-02  3.715e-01
 3.255e-02  5.430e-01
 3.260e-02 -1.523e-01
 3.265e-02 -6.014e-01
 3.270e-02 -5.378e-01
 3.275e-02  1.424e-01
 3.280e-02  1.106e+00
 3.285e-02  3.412e-01
 3.290e-02  5.759e-01
 3.295e-02  5.734e-01
 3.300e-02  1.284e-01
 3.305e-02 -1.151e+00
 3.310e-02 -9.555e-01
 3.315e-02  4.038e-02
 3.320e-02  5.368e-01
 3.325e-02  5.923e-01
 3.330e-02  6.402e-01
 3.335e-02  1.302e+00
 3.340e-02  6.243e-01
 3.345e-02 -7.871e-02
 3.350e-02 -1.137e+00
 3.355e-02 -1.750e-01
 3.360e-02  3.350e-01
 3.365e-02  2.154e-01
 3.370e-02  6.291e-01
 3.375e-02  1.059e+00
 3.380e-02  1.146e+00
 3.385e-02 -5.081e-01
 3.390e-02 -6.860e-01
 3.395e-02 -7.355e-01
 3.400e-02  5.722e-02
 3.405e-02 -2.362e-01
 3.410e-02  5.811e-01
 3.415e-02  1.298e+00
 3.420e-02  1.128e+00
 3.425e-02  3.838e-01
 3.430e-02 -2.913e-01
 3.435e-02  3.244e-03
 3.440e-02 -4.945e-01
 3.445e-02 -6.653e-02
 3.450e-02 -2.617e-02
 3.455e-02  1.306e+00
 3.460e-02  1.367e+00
 3.465e-02  5.969e-01
 3.470e-02  4.513e-02
 3.475e-02 -1.853e-01
 3.480e-02 -2.367e-01
 3.485e-02 -1.196e+00
 3.490e-02 -4.519e-01
 3.495e-02  3.910e-01
 3.500e-02  1.184e+00
 3.505e-02  5.651e-01
 3.510e-02  4.992e-01
 3.515e-02  4.140e-01
 3.520e-02 -2.097e-01
 3.525e-02 -8.569e-01
 3.530e-02 -9.602e-01
 3.535e-02  4.270e-01
 3.540e-02  6.200e-01
 3.545e-02  1.050e+00
 3.550e-02  6.006e-01
 3.555e-02  9.950e-01
 3.560e-02  1.188e-01
 3.565e-02 -6.363e-01
 3.570e-02 -9.659e-01
 3.575e-02 -1.529e-02
 3.580e-02  4.398e-01
 3.585e-02  1.691e-01
 3.590e-02  6.474e-01
 3.595e-02  9.520e-01
 3.600e-02  8.596e-01
 3.605e-02 -8.612e-01
 3.610e-02 -7.845e-01
 3.615e-02 -4.238e-01
 3.620e-02  8.423e-02
 3.625e-02  6.695e-02
 3.630e-02  5.172e-01
 3.635e-02  1.565e+00
 3.640e-02  1.133e+00
 3.645e-02  1.273e-01
 3.650e-02 -8.546e-01
 3.655e-02  3.115e-03
 3.660e-02 -1.820e-01
 3.665e-02 -3.193e-01
 3.670e-02  3.846e-01
 3.675e-02  1.186e+00
 3.680e-02  1.513e+00
 3.685e-02 -8.714e-03
 3.690e-02  2.216e-02
 3.695e-02 -5.915e-01
 3.700e-02 -3.447e-01
 3.705e-02 -7.512e-01
 3.710e-02 -2.571e-01
 3.715e-02  1.027e+00
 3.720e-02  1.201e+00
 3.725e-02  8.997e-01
 3.730e-02 -6.183e-02
 3.735e-02  3.323e-01
 3.740e-02 -1.823e-01
 3.745e-02 -4.748e-01
 3.750e-02 -6.323e-01
 3.755e-02  8.203e-01
 3.760e-02  1.030e+00
 3.765e-02  8.025e-01
 3.770e-02  5.006e-01
 3.775e-02  5.862e-01
 3.780e-02  1.941e-01
 3.785e-02 -1.054e+00
 3.790e-02 -7.838e-01
 3.795e-02  8.946e-02
 3.800e-02  8.012e-01
 3.805e-02  2.960e-01
 3.810e-02  6.257e-01
 3.815e-02  1.002e+00
 3.820e-02  4.971e-01
 3.825e-02 -7.346e-01
 3.830e-02 -8.633e-01
 3.835e-02  2.437e-01
 3.840e-02  1.540e-01
 3.845e-02  7.834e-01
 3.850e-02  5.535e-01
 3.855e-02  1.514e+00
 3.860e-02  8.674e-01
 3.865e-02 -3.947e-01
 3.870e-02 -6.521e-01
 3.875e-02 -2.868e-01
 3.880e-02 -7.891e-02
 3.885e-02 -1.729e-01
 3.890e-02  5.921e-01
 3.895e-02  1.150e+00
 3.900e-02  1.204e+00
 3.905e-02 -2.577e-01
 3.910e-02 -5.223e-01
 3.915e-02 -3.518e-01
 3.920e-02 -4.104e-01
 3.925e-02 -3.172e-01
 3.930e-02  9.054e-04
 3.935e-02  1.326e+00
 3.940e-02  1.382e+00
 3.945e-02  7.326e-01
 3.950e-02 -1.247e-01
 3.955e-02  8.569e-02
 3.960e-02 -1.848e-01
 3.965e-02 -4.486e-01
 3.970e-02 -1.476e-01
 3.975e-02  7.996e-01
 3.980e-02  1.131e+00
 3.985e-02  4.976e-01
 3.990e-02  3.884e-01
 3.995e-02 -1.600e-01
 4.000e-02  2.828e-02
 4.005e-02 -1.180e+00
 4.010e-02 -7.014e-01
 4.015e-02  3.281e-01
 4.020e-02  1.193e+00
 4.025e-02  9.289e-01
 4.030e-02  4.326e-01
 4.035e-02  8.814e-01
 4.040e-02 -1.128e-01
 4.045e-02 -5.807e-01
 4.050e-02 -1.073e+00
 4.055e-02  1.764e-01
 4.060e-02  4.455e-01
 4.065e-02  7.841e-01
 4.070e-02  5.048e-01
 4.075e-02  9.688e-01
 4.080e-02  6.256e-01
 4.085e-02 -9.968e-01
 4.090e-02 -7.776e-01
 4.095e-02 -4.707e-01
 4.100e-02  2.159e-01
 4.105e-02 -2.310e-02
 4.110e-02  6.391e-01
 4.115e-02  1.203e+00
 4.120e-02  9.196e-01
 4.125e-02 -2.831e-01
 4.130e-02 -7.469e-01
 4.135e-02 -2.325e-01
 4.140e-02 -9.935e-02
 4.145e-02  3.484e-01
 4.150e-02  2.084e-01
 4.155e-02  1.378e+00
 4.160e-02  1.036e+00
 4.165e-02  4.397e-01
 4.170e-02 -5.255e-01
 4.175e-02 -2.110e-01
 4.180e-02 -3.954e-01
 4.185e-02 -7.210e-01
 4.190e-02  3.495e-01
 4.195e-02  6.371e-01
 4.200e-02  1.264e+00
 4.205e-02  6.883e-02
 4.210e-02 -1.828e-01
 4.215e-02 -5.683e-02
 4.220e-02 -2.048e-01
 4.225e-02 -8.204e-01
 4.230e-02 -5.107e-01
 4.235e-02  9.047e-01
 4.240e-02  1.269e+00
 4.245e-02  8.603e-01
 4.250e-02  1.504e-01
 4.255e-02  3.839e-01
 4.260e-02 -3.211e-01
 4.265e-02 -6.432e-01
 4.270e-02 -6.692e-01
 4.275e-02  3.117e-01
 4.280e-02  9.181e-01
 4.285e-02  4.675e-01
 4.290e-02  7.351e-01
 4.295e-02  3.302e-01
 4.300e-02  3.927e-01
 4.305e-02 -9.330e-01
 4.310e-02 -8.729e-01
 4.315e-02 -1.204e-01
 4.320e-02  4.666e-01
 4.325e-02  6.914e-01
 4.330e-02  5.205e-01
 4.335e-02  1.127e+00
 4.340e-02  6.750e-01
 4.345e-02 -2.037e-01
 4.350e-02 -8.730e-01
 4.355e-02  1.539e-01
 4.360e-02  2.101e-01
 4.365e-02  1.509e-01
 4.370e-02  6.934e-01
 4.375e-02  1.145e+00
 4.380e-02  1.118e+00
 4.385e-02 -5.409e-01
 4.390e-02 -7.458e-01
 4.395e-02 -4.715e-01
 4.400e-02  1.710e-01
 4.405e-02 -5.246e-01
 4.410e-02  2.117e-01
 4.415e-02  1.085e+00
 4.420e-02  1.155e+00
 4.425e-02  1.862e-01
 4.430e-02 -5.248e-01
 4.435e-02  8.298e-02
 4.440e-02 -3.027e-01
 4.445e-02 -2.755e-01
 4.450e-02 -1.298e-01
 4.455e-02  1.125e+00
 4.460e-02  1.423e+00
 4.465e-02  8.410e-01
 4.470e-02  1.175e-01
 4.475e-02 -1.870e-01
 4.480e-02 -2.592e-01
 4.485e-02 -1.089e+00
 4.490e-02 -3.269e-01
 4.495e-02  4.248e-01
 4.500e-02  1.375e+00
 4.505e-02  6.508e-01
 4.510e-02  5.066e-01
 4.515e-02  5.189e-01
 4.520e-02  1.218e-01
 4.525e-02 -7.962e-01
 4.530e-02 -1.001e+00
 4.535e-02  5.260e-01
 4.540e-02  7.981e-01
 4.545e-02  1.038e+00
 4.550e-02  7.407e-01
 4.555e-02  1.124e+00
 4.560e-02  3.946e-01
 4.565e-02 -5.819e-01
 4.570e-02 -1.059e+00
 4.575e-02 -1.882e-01
 4.580e-02  5.534e-01
 4.585e-02  6.889e-02
 4.590e-02  8.195e-01
 4.595e-02  9.631e-01
 4.600e-02  7.718e-01
 4.605e-02 -7.544e-01
 4.610e-02 -8.232e-01
 4.615e-02 -5.141e-01
 4.620e-02 -7.481e-02
 4.625e-02  8.665e-02
 4.630e-02  3.934e-01
 4.635e-02  1.557e+00
 4.640e-02  9.003e-01
 4.645e-02  4.196e-01
 4.650e-02 -8.657e-01
 4.655e-02  4.801e-02
 4.660e-02 -4.521e-02
 4.665e-02 -1.027e-01
 4.670e-02  2.961e-01
 4.675e-02  1.020e+00
 4.680e-02  1.264e+00
 4.685e-02 -9.975e-02
 4.690e-02 -7.187e-02
 4.695e-02 -5.075e-01
 4.700e-02 -2.315e-01
 4.705e-02 -7.324e-01
 4.710e-02 -1.960e-01
 4.715e-02  1.062e+00
 4.720e-02  1.335e+00
 4.725e-02  8.388e-01
 4.730e-02 -7.842e-02
 4.735e-02  2.259e-01
 4.740e-02 -2.037e-01
 4.745e-02 -6.644e-01
 4.750e-02 -4.374e-01
 4.755e-02  9.944e-01
 4.760e-02  1.161e+00
 4.765e-02  9.133e-01
 4.770e-02  3.556e-01
 4.775e-02  4.435e-01
 4.780e-02  2.131e-01
 4.785e-02 -1.198e+00
 4.790e-02 -5.266e-01
 4.795e-02 -7.536e-02
 4.800e-02  7.846e-01
 4.805e-02  4.922e-01
 4.810e-02  7.555e-01
 4.815e-02  6.880e-01
 4.820e-02  2.766e-01
 4.825e-02 -7.352e-01
 4.830e-02 -1.128e+00
 4.835e-02  1.616e-01
 4.840e-02  1.088e-01
 4.845e-02  6.191e-01
 4.850e-02  7.267e-01
 4.855e-02  1.421e+00
 4.860e-02  8.748e-01
 4.865e-02 -3.716e-01
 4.870e-02 -7.055e-01
 4.875e-02 -2.377e-01
 4.880e-02  2.515e-01
 4.885e-02 -1.834e-01
 4.890e-02  4.845e-01
 4.895e-02  7.896e-01
 4.900e-02  1.169e+00
 4.905e-02 -3.509e-02
 4.910e-02 -5.666e-01
 4.915e-02 -2.389e-01
 4.920e-02 -3.280e-01
 4.925e-02 -2.489e-01
 4.930e-02  7.471e-02
 4.935e-02  1.237e+00
 4.940e-02  1.284e+00
 4.945e-02  7.105e-01
 4.950e-02 -2.961e-01
 4.955e-02  1.169e-01
 4.960e-02 -2.174e-01
 4.965e-02 -7.262e-01
 4.970e-02 -3.426e-01
 4.975e-02  8.853e-01
 4.980e-02  1.266e+00
 4.985e-02  4.066e-01
 4.990e-02  3.031e-01
 4.995e-02 -2.136e-01
 5.000e-02 -1.460e-01
 5.005e-02 -1.141e+00
 5.010e-02 -6.835e-01
 5.015e-02  3.367e-01
 5.020e-02  1.087e+00
 5.025e-02  8.819e-01
 5.030e-02  4.893e-01
 5.035e-02  9.361e-01
 5.040e-02 -4.440e-02
 5.045e-02 -4.592e-01
 5.050e-02 -1.057e+00
 5.055e-02  4.878e-01
 5.060e-02  4.920e-01
 5.065e-02  5.567e-01
 5.070e-02  6.012e-01
 5.075e-02  1.030e+00
 5.080e-02  6.555e-01
 5.085e-02 -7.045e-01
 5.090e-02 -9.073e-01
 5.095e-02 -6.898e-01
 5.100e-02  2.984e-01
 5.105e-02  1.324e-01
 5.110e-02  8.917e-01
 5.115e-02  1.019e+00
 5.120e-02  7.479e-01
 5.125e-02 -1.132e-01
 5.130e-02 -6.546e-01
 5.135e-02 -1.989e-01
 5.140e-02 -2.267e-02
 5.145e-02  4.014e-01
 5.150e-02  1.469e-01
 5.155e-02  1.688e+00
 5.160e-02  1.008e+00
 5.165e-02  9.620e-02
 5.170e-02 -3.794e-01
 5.175e-02 -1.772e-01
 5.180e-02 -3.559e-01
 5.185e-02 -8.956e-01
 5.190e-02  1.823e-01
 5.195e-02  6.152e-01
 5.200e-02  1.375e+00
 5.205e-02  2.997e-01
 5.210e-02 -1.754e-01
 5.215e-02  5.194e-02
 5.220e-02 -4.060e-01
 5.225e-02 -8.497e-01
 5.230e-02 -5.797e-01
 5.235e-02  1.134e+00
 5.240e-02  1.226e+00
 5.245e-02  1.133e+00
 5.250e-02  8.974e-02
 5.255e-02  3.993e-01
 5.260e-02 -1.488e-01
 5.265e-02 -6.574e-01
 5.270e-02 -7.353e-01
 5.275e-02  2.487e-01
 5.280e-02  8.968e-01
 5.285e-02  6.255e-01
 5.290e-02  6.739e-01
 5.295e-02  2.928e-01
 5.300e-02  2.484e-01
 5.305e-02 -1.207e+00
 5.310e-02 -6.923e-01
 5.315e-02 -9.557e-02
 5.320e-02  6.441e-01
 5.325e-02  7.481e-01
 5.330e-02  6.114e-01
 5.335e-02  1.448e+00
 5.340e-02  6.902e-01
 5.345e-02 -1.131e-01
 5.350e-02 -7.858e-01
 5.355e-02 -7.222e-02
 5.360e-02  1.830e-01
 5.365e-02  1.353e-01
 5.370e-02  4.089e-01
 5.375e-02  1.249e+00
 5.380e-02  1.152e+00
 5.385e-02 -3.231e-01
 5.390e-02 -7.502e-01
 5.395e-02 -4.373e-01
 5.400e-02 -1.891e-01
 5.405e-02 -4.351e-01
 5.410e-02  2.527e-01
 5.415e-02  9.683e-01
 5.420e-02  1.406e+00
 5.425e-02  4.998e-01
 5.430e-02 -3.218e-01
 5.435e-02 -1.683e-01
 5.440e-02 -4.608e-01
 5.445e-02 -4.393e-01
 5.450e-02  2.715e-03
 5.455e-02  1.178e+00
 5.460e-02  1.153e+00
 5.465e-02  6.819e-01
 5.470e-02  1.380e-01
 5.475e-02 -2.154e-01
 5.480e-02 -2.791e-01
 5.485e-02 -1.051e+00
 5.490e-02 -3.652e-01
 5.495e-02  2.935e-01
 5.500e-02  1.468e+00
 5.505e-02  2.902e-01
 5.510e-02  2.976e-01
 5.515e-02  4.895e-01
 5.520e-02 -4.396e-03
 5.525e-02 -8.088e-01
 5.530e-02 -7.241e-01
 5.535e-02  6.143e-01
 5.540e-02  6.099e-01
 5.545e-02  1.042e+00
 5.550e-02  5.745e-01
 5.555e-02  1.189e+00
 5.560e-02  2.606e-01
 5.565e-02 -5.567e-01
 5.570e-02 -7.034e-01
 5.575e-02 -2.805e-01
 5.580e-02  4.910e-01
 5.585e-02  2.253e-01
 5.590e-02  7.892e-01
 5.595e-02  9.351e-01
 5.600e-02  6.595e-01
 5.605e-02 -5.322e-01
 5.610e-02 -6.363e-01
 5.615e-02 -5.268e-01
 5.620e-02  1.739e-01
 5.625e-02  3.147e-01
 5.630e-02  3.756e-01
 5.635e-02  1.439e+00
 5.640e-02  7.651e-01
 5.645e-02  2.823e-01
 5.650e-02 -8.043e-01
 5.655e-02  4.984e-02
 5.660e-02 -2.995e-01
 5.665e-02 -2.702e-01
 5.670e-02  2.276e-01
 5.675e-02  1.068e+00
 5.680e-02  1.505e+00
 5.685e-02  1.521e-01
 5.690e-02  2.652e-02
 5.695e-02 -3.551e-01
 5.700e-02 -1.162e-01
 5.705e-02 -7.054e-01
 5.710e-02 -1.502e-01
 5.715e-02  8.870e-01
 5.720e-02  1.148e+00
 5.725e-02  8.523e-01
 5.730e-02 -2.955e-02
 5.735e-02  5.814e-01
 5.740e-02 -4.236e-01
 5.745e-02 -6.479e-01
 5.750e-02 -6.180e-01
 5.755e-02  9.677e-01
 5.760e-02  1.163e+00
 5.765e-02  8.466e-01
 5.770e-02  3.463e-01
 5.775e-02  5.776e-01
 5.780e-02  1.615e-01
 5.785e-02 -1.086e+00
 5.790e-02 -7.024e-01
 5.795e-02 -2.147e-01
 5.800e-02  9.741e-01
 5.805e-02  2.813e-01
 5.810e-02  8.724e-01
 5.815e-02  1.001e+00
 5.820e-02  4.695e-01
 5.825e-02 -6.957e-01
 5.830e-02 -9.946e-01
 5.835e-02 -6.775e-02
 5.840e-02  2.278e-01
 5.845e-02  5.478e-01
 5.850e-02  6.607e-01
 5.855e-02  1.585e+00
 5.860e-02  8.252e-01
 5.865e-02 -8.479e-02
 5.870e-02 -9.604e-01
 5.875e-02 -4.406e-01
 5.880e-02  2.673e-01
 5.885e-02 -1.659e-01
 5.890e-02  5.092e-01
 5.895e-02  8.494e-01
 5.900e-02  1.232e+00
 5.905e-02 -2.033e-01
 5.910e-02 -4.655e-01
 5.915e-02 -5.829e-01
 5.920e-02 -3.559e-01
 5.925e-02 -4.341e-01
 5.930e-02 -9.374e-02
 5.935e-02  1.474e+00
 5.940e-02  1.379e+00
 5.945e-02  7.291e-01
 5.950e-02 -4.413e-01
 5.955e-02  3.179e-01
 5.960e-02 -2.032e-01
 5.965e-02 -7.745e-01
 5.970e-02 -2.088e-01
 5.975e-02  6.279e-01
 5.980e-02  1.325e+00
 5.985e-02  5.259e-01
 5.990e-02  2.285e-01
 5.995e-02 -8.529e-02
 6.000e-02 -5.634e-02
 6.005e-02 -1.025e+00
 6.010e-02 -4.582e-01
 6.015e-02  6.045e-01
 6.020e-02  1.235e+00
 6.025e-02  8.445e-01
 6.030e-02  4.400e-01
 6.035e-02  7.688e-01
 6.040e-02  1.785e-01
 6.045e-02 -4.725e-01
 6.050e-02 -8.979e-01
 6.055e-02  5.139e-01
 6.060e-02  4.508e-01
 6.065e-02  8.456e-01
 6.070e-02  7.774e-01
 6.075e-02  7.355e-01
 6.080e-02  6.405e-01
 6.085e-02 -1.029e+00
 6.090e-02 -8.149e-01
 6.095e-02 -5.149e-01
 6.100e-02  3.157e-01
 6.105e-02  1.424e-01
 6.110e-02  6.966e-01
 6.115e-02  1.319e+00
 6.120e-02  7.189e-01
 6.125e-02 -1.796e-01
 6.130e-02 -8.293e-01
 6.135e-02 -7.706e-02
 6.140e-02 -2.645e-01
 6.145e-02  2.238e-01
 6.150e-02  1.224e-01
 6.155e-02  1.548e+00
 6.160e-02  9.538e-01
 6.165e-02  3.742e-01
 6.170e-02 -5.269e-01
 6.175e-02 -3.110e-01
 6.180e-02 -9.055e-02
 6.185e-02 -8.609e-01
 6.190e-02  1.513e-02
 6.195e-02  8.897e-01
 6.200e-02  1.506e+00
 6.205e-02  3.042e-01
 6.210e-02  1.762e-01
 6.215e-02  7.059e-02
 6.220e-02 -2.981e-01
 6.225e-02 -7.390e-01
 6.230e-02 -2.397e-01
 6.235e-02  9.257e-01
 6.240e-02  9.599e-01
 6.245e-02  8.042e-01
 6.250e-02  1.150e-01
 6.255e-02  6.673e-01
 6.260e-02 -6.617e-02
 6.265e-02 -7.628e-01
 6.270e-02 -6.562e-01
 6.275e-02  4.247e-01
 6.280e-02  1.079e+00
 6.285e-02  6.006e-01
 6.290e-02  6.490e-01
 6.295e-02  5.385e-01
 6.300e-02  1.220e-01
 6.305e-02 -8.402e-01
 6.310e-02 -9.793e-01
 6.315e-02 -2.122e-01
 6.320e-02  5.673e-01
 6.325e-02  6.166e-01
 6.330e-02  5.025e-01
 6.335e-02  1.474e+00
 6.340e-02  6.562e-01
 6.345e-02 -3.948e-02
 6.350e-02 -8.701e-01
 6.355e-02 -3.339e-02
 6.360e-02  3.323e-01
 6.365e-02  4.873e-01
 6.370e-02  6.299e-01
 6.375e-02  1.165e+00
 6.380e-02  1.023e+00
 6.385e-02 -3.873e-01
 6.390e-02 -5.466e-01
 6.395e-02 -8.008e-01
 6.400e-02  8.638e-02
 6.405e-02 -5.597e-01
 6.410e-02  4.003e-01
 6.415e-02  1.220e+00
 6.420e-02  1.305e+00
 6.425e-02  1.671e-01
 6.430e-02 -5.847e-01
 6.435e-02  1.965e-01
 6.440e-02 -4.688e-01
 6.445e-02 -3.481e-01
 6.450e-02 -3.339e-01
 6.455e-02  1.278e+00
 6.460e-02  1.330e+00
 6.465e-02  4.706e-01
 6.470e-02  3.231e-02
 6.475e-02 -1.015e-01
 6.480e-02 -2.176e-01
 6.485e-02 -9.947e-01
 6.490e-02 -5.022e-01
 6.495e-02  4.668e-01
 6.500e-02  1.085e+00
 6.505e-02  5.536e-01
 6.510e-02  5.263e-01
 6.515e-02  5.040e-01
 6.520e-02 -1.273e-01
 6.525e-02 -9.404e-01
 6.530e-02 -9.316e-01
 6.535e-02  5.283e-01
 6.540e-02  8.264e-01
 6.545e-02  9.911e-01
 6.550e-02  5.974e-01
 6.555e-02  9.080e-01
 6.560e-02  2.427e-01
 6.565e-02 -5.903e-01
 6.570e-02 -8.185e-01
 6.575e-02 -2.129e-01
 6.580e-02  6.286e-01
 6.585e-02  3.050e-02
 6.590e-02  6.061e-01
 6.595e-02  9.800e-01
 6.600e-02  9.598e-01
 6.605e-02 -6.551e-01
 6.610e-02 -7.357e-01
 6.615e-02 -2.027e-01
 6.620e-02  3.135e-01
 6.625e-02  3.607e-01
 6.630e-02  5.123e-01
 6.635e-02  1.639e+00
 6.640e-02  7.687e-01
 6.645e-02  2.577e-01
 6.650e-02 -5.699e-01
 6.655e-02  8.995e-02
 6.660e-02 -2.643e-01
 6.665e-02 -9.102e-02
 6.670e-02  3.262e-01
 6.675e-02  1.139e+00
 6.680e-02  1.219e+00
 6.685e-02  1.965e-01
 6.690e-02 -2.949e-01
 6.695e-02 -5.805e-01
 6.700e-02 -1.741e-01
 6.705e-02 -9.368e-01
 6.710e-02 -2.861e-01
 6.715e-02  9.924e-01
 6.720e-02  1.421e+00
 6.725e-02  6.023e-01
 6.730e-02  1.976e-01
 6.735e-02  3.771e-01
 6.740e-02 -4.125e-01
 6.745e-02 -4.563e-01
 6.750e-02 -4.255e-01
 6.755e-02  1.022e+00
 6.760e-02  1.007e+00
 6.765e-02  6.484e-01
 6.770e-02  4.558e-01
 6.775e-02  5.244e-01
 6.780e-02  1.288e-01
 6.785e-02 -1.121e+00
 6.790e-02 -7.049e-01
 6.795e-02 -1.893e-01
 6.800e-02  7.589e-01
 6.805e-02  4.827e-01
 6.810e-02  9.287e-01
 6.815e-02  8.099e-01
 6.820e-02  5.926e-01
 6.825e-02 -4.794e-01
 6.830e-02 -9.506e-01
 6.835e-02 -5.694e-02
 6.840e-02  1.676e-01
 6.845e-02  6.104e-01
 6.850e-02  4.502e-01
 6.855e-02  1.439e+00
 6.860e-02  6.485e-01
 6.865e-02 -2.184e-01
 6.870e-02 -6.596e-01
 6.875e-02 -2.121e-01
 6.880e-02 -9.813e-02
 6.885e-02 -3.139e-01
 6.890e-02  6.457e-01
 6.895e-02  8.058e-01
 6.900e-02  1.327e+00
 6.905e-02 -6.953e-02
 6.910e-02 -5.373e-01
 6.915e-02 -2.361e-01
 6.920e-02 -2.973e-02
 6.925e-02 -3.627e-01
 6.930e-02  1.901e-01
 6.935e-02  1.285e+00
 6.940e-02  1.298e+00
 6.945e-02  6.184e-01
 6.950e-02 -1.464e-01
 6.955e-02  2.661e-02
 6.960e-02 -4.393e-01
 6.965e-02 -5.902e-01
 6.970e-02 -4.748e-02
 6.975e-02  8.121e-01
 6.980e-02  1.270e+00
 6.985e-02  3.649e-01
 6.990e-02  3.526e-01
 6.995e-02 -1.706e-01
 7.000e-02  9.278e-02
 7.005e-02 -1.084e+00
 7.010e-02 -3.815e-01
 7.015e-02  2.267e-01
 7.020e-02  8.886e-01
 7.025e-02  6.402e-01
 7.030e-02  4.320e-01
 7.035e-02  7.542e-01
 7.040e-02 -8.174e-02
 7.045e-02 -6.299e-01
 7.050e-02 -9.784e-01
 7.055e-02  4.884e-01
 7.060e-02  7.831e-01
 7.065e-02  8.135e-01
 7.070e-02  8.089e-01
 7.075e-02  9.104e-01
 7.080e-02  4.064e-01
 7.085e-02 -7.938e-01
 7.090e-02 -8.783e-01
 7.095e-02 -3.172e-01
 7.100e-02  5.290e-01
 7.105e-02  2.469e-01
 7.110e-02  7.412e-01
 7.115e-02  1.264e+00
 7.120e-02  1.072e+00
 7.125e-02 -9.448e-02
 7.130e-02 -9.221e-01
 7.135e-02  4.822e-02
 7.140e-02  2.664e-02
 7.145e-02  1.232e-01
 7.150e-02  4.063e-01
 7.155e-02  1.516e+00
 7.160e-02  1.064e+00
 7.165e-02  2.493e-01
 7.170e-02 -5.426e-01
 7.175e-02 -3.906e-01
 7.180e-02 -1.878e-01
 7.185e-02 -6.811e-01
 7.190e-02  2.148e-01
 7.195e-02  7.537e-01
 7.200e-02  1.485e+00
 7.205e-02  1.752e-01
 7.210e-02  9.088e-02
 7.215e-02 -1.091e-01
 7.220e-02 -3.302e-01
 7.225e-02 -4.637e-01
 7.230e-02 -2.466e-01
 7.235e-02  1.190e+00
 7.240e-02  1.102e+00
 7.245e-02  1.201e+00
 7.250e-02  4.277e-01
 7.255e-02  6.078e-01
 7.260e-02 -9.089e-02
 7.265e-02 -7.439e-01
 7.270e-02 -6.024e-01
 7.275e-02  3.966e-01
 7.280e-02  1.089e+00
 7.285e-02  5.934e-01
 7.290e-02  7.136e-01
 7.295e-02  3.322e-01
 7.300e-02  3.201e-01
 7.305e-02 -9.837e-01
 7.310e-02 -8.850e-01
 7.315e-02 -6.639e-02
 7.320e-02  7.912e-01
 7.325e-02  5.583e-01
 7.330e-02  7.061e-01
 7.335e-02  1.113e+00
 7.340e-02  4.048e-01
 7.345e-02 -3.188e-01
 7.350e-02 -1.075e+00
 7.355e-02 -4.566e-02
 7.360e-02  3.287e-01
 7.365e-02  4.409e-01
 7.370e-02  5.968e-01
 7.375e-02  1.279e+00
 7.380e-02  1.057e+00
 7.385e-02 -4.726e-01
 7.390e-02 -6.384e-01
 7.395e-02 -4.493e-01
 7.400e-02  1.754e-01
 7.405e-02 -5.615e-01
 7.410e-02  3.238e-01
 7.415e-02  1.327e+00
 7.420e-02  1.241e+00
 7.425e-02  5.341e-01
 7.430e-02 -4.843e-01
 7.435e-02  3.600e-02
 7.440e-02 -5.684e-01
 7.445e-02 -3.198e-01
 7.450e-02 -2.314e-01
 7.455e-02  1.167e+00
 7.460e-02  1.425e+00
 7.465e-02  6.023e-01
 7.470e-02  8.328e-02
 7.475e-02 -6.376e-02
 7.480e-02 -2.031e-01
 7.485e-02 -1.083e+00
 7.490e-02 -4.578e-01
 7.495e-02  5.812e-01
 7.500e-02  1.418e+00
 7.505e-02  3.322e-01
 7.510e-02  6.469e-01
 7.515e-02  5.073e-01
 7.520e-02 -1.864e-01
 7.525e-02 -6.595e-01
 7.530e-02 -9.865e-01
 7.535e-02  7.242e-01
 7.540e-02  7.666e-01
 7.545e-02  1.146e+00
 7.550e-02  5.709e-01
 7.555e-02  9.715e-01
 7.560e-02  2.768e-01
 7.565e-02 -8.158e-01
 7.570e-02 -7.932e-01
 7.575e-02 -2.106e-01
 7.580e-02  5.073e-01
 7.585e-02  2.146e-01
 7.590e-02  9.900e-01
 7.595e-02  7.053e-01
 7.600e-02  8.645e-01
 7.605e-02 -6.041e-01
 7.610e-02 -7.423e-01
 7.615e-02 -5.345e-01
 7.620e-02  1.070e-01
 7.625e-02  1.547e-02
 7.630e-02  4.836e-01
 7.635e-02  1.510e+00
 7.640e-02  8.231e-01
 7.645e-02  1.594e-01
 7.650e-02 -6.534e-01
 7.655e-02  6.400e-02
 7.660e-02 -3.811e-01
 7.665e-02 -2.290e-01
 7.670e-02  1.500e-01
 7.675e-02  1.125e+00
 7.680e-02  1.426e+00
 7.685e-02 -6.179e-03
 7.690e-02 -2.464e-01
 7.695e-02 -2.744e-01
 7.700e-02 -5.828e-02
 7.705e-02 -7.003e-01
 7.710e-02  5.846e-02
 7.715e-02  8.697e-01
 7.720e-02  1.254e+00
 7.725e-02  6.744e-01
 7.730e-02  1.320e-01
 7.735e-02  2.356e-01
 7.740e-02 -4.472e-01
 7.745e-02 -4.935e-01
 7.750e-02 -7.520e-01
 7.755e-02  8.197e-01
 7.760e-02  1.163e+00
 7.765e-02  7.242e-01
 7.770e-02  4.140e-01
 7.775e-02  3.964e-01
 7.780e-02  2.043e-01
 7.785e-02 -1.220e+00
 7.790e-02 -7.288e-01
 7.795e-02 -2.391e-01
 7.800e-02  8.430e-01
 7.805e-02  5.033e-01
 7.810e-02  5.818e-01
 7.815e-02  6.661e-01
 7.820e-02  3.021e-01
 7.825e-02 -7.503e-01
 7.830e-02 -7.637e-01
 7.835e-02  2.362e-01
 7.840e-02  3.930e-01
 7.845e-02  5.913e-01
 7.850e-02  7.413e-01
 7.855e-02  1.511e+00
 7.860e-02  8.172e-01
 7.865e-02 -4.273e-01
 7.870e-02 -9.703e-01
 7.875e-02 -2.792e-01
 7.880e-02 -3.264e-02
 7.885e-02 -1.968e-01
 7.890e-02  6.378e-01
 7.895e-02  7.934e-01
 7.900e-02  1.062e+00
 7.905e-02 -5.262e-02
 7.910e-02 -6.578e-01
 7.915e-02 -4.960e-01
 7.920e-02 -2.446e-01
 7.925e-02 -4.363e-01
 7.930e-02  2.812e-01
 7.935e-02  1.450e+00
 7.940e-02  1.169e+00
 7.945e-02  6.167e-01
 7.950e-02 -2.127e-01
 7.955e-02  2.174e-02
 7.960e-02 -4.652e-01
 7.965e-02 -5.713e-01
 7.970e-02 -3.696e-01
 7.975e-02  7.987e-01
 7.980e-02  1.167e+00
 7.985e-02  2.538e-01
 7.990e-02  5.148e-01
 7.995e-02  6.879e-02
 8.000e-02  9.154e-02
 8.005e-02 -1.025e+00
 8.010e-02 -5.457e-01
 8.015e-02  5.671e-01
 8.020e-02  8.840e-01
 8.025e-02  7.194e-01
 8.030e-02  4.601e-01
 8.035e-02  9.487e-01
 8.040e-02 -1.702e-01
 8.045e-02 -4.803e-01
 8.050e-02 -1.101e+00
 8.055e-02  3.697e-01
 8.060e-02  6.008e-01
 8.065e-02  8.712e-01
 8.070e-02  7.992e-01
 8.075e-02  7.016e-01
 8.080e-02  5.524e-01
 8.085e-02 -7.189e-01
 8.090e-02 -9.401e-01
 8.095e-02 -3.827e-01
 8.100e-02  3.614e-01
 8.105e-02  2.506e-01
 8.110e-02  7.593e-01
 8.115e-02  1.154e+00
 8.120e-02  8.613e-01
 8.125e-02 -2.887e-01
 8.130e-02 -9.143e-01
 8.135e-02 -1.773e-01
 8.140e-02 -3.142e-01
 8.145e-02  1.564e-02
 8.150e-02  2.996e-01
 8.155e-02  1.637e+00
 8.160e-02  9.805e-01
 8.165e-02  2.266e-01
 8.170e-02 -4.254e-01
 8.175e-02 -3.910e-01
 8.180e-02 -2.837e-01
 8.185e-02 -5.366e-01
 8.190e-02  3.026e-01
 8.195e-02  7.984e-01
 8.200e-02  1.521e+00
 8.205e-02  1.647e-01
 8.210e-02 -6.007e-02
 8.215e-02 -1.967e-01
 8.220e-02 -2.767e-01
 8.225e-02 -6.779e-01
 8.230e-02 -4.299e-01
 8.235e-02  1.193e+00
 8.240e-02  1.155e+00
 8.245e-02  1.030e+00
 8.250e-02  1.566e-01
 8.255e-02  5.815e-01
 8.260e-02 -1.822e-01
 8.265e-02 -6.116e-01
 8.270e-02 -7.162e-01
 8.275e-02  4.444e-01
 8.280e-02  1.179e+00
 8.285e-02  5.976e-01
 8.290e-02  8.763e-01
 8.295e-02  6.209e-01
 8.300e-02  4.511e-01
 8.305e-02 -1.043e+00
 8.310e-02 -7.289e-01
 8.315e-02 -8.691e-02
 8.320e-02  4.958e-01
 8.325e-02  7.930e-01
 8.330e-02  4.786e-01
 8.335e-02  1.357e+00
 8.340e-02  6.686e-01
 8.345e-02 -3.913e-01
 8.350e-02 -8.939e-01
 8.355e-02 -1.812e-02
 8.360e-02  5.629e-02
 8.365e-02  2.797e-01
 8.370e-02  7.159e-01
 8.375e-02  1.303e+00
 8.380e-02  1.079e+00
 8.385e-02 -4.761e-01
 8.390e-02 -4.748e-01
 8.395e-02 -7.215e-01
 8.400e-02 -2.979e-03
 8.405e-02 -3.632e-01
 8.410e-02  2.087e-01
 8.415e-02  1.299e+00
 8.420e-02  1.088e+00
 8.425e-02  2.376e-01
 8.430e-02 -4.815e-01
 8.435e-02 -1.581e-02
 8.440e-02 -2.505e-01
 8.445e-02 -8.827e-02
 8.450e-02 -2.601e-01
 8.455e-02  1.457e+00
 8.460e-02  1.084e+00
 8.465e-02  6.533e-01
 8.470e-02  9.703e-02
 8.475e-02  1.438e-01
 8.480e-02 -3.085e-01
 8.485e-02 -1.100e+00
 8.490e-02 -4.479e-01
 8.495e-02  5.918e-01
 8.500e-02  1.411e+00
 8.505e-02  3.350e-01
 8.510e-02  4.777e-01
 8.515e-02  3.867e-01
 8.520e-02 -9.198e-02
 8.525e-02 -6.949e-01
 8.530e-02 -6.656e-01
 8.535e-02  4.466e-01
 8.540e-02  9.059e-01
 8.545e-02  1.181e+00
 8.550e-02  3.970e-01
 8.555e-02  9.419e-01
 8.560e-02  1.229e-01
 8.565e-02 -7.600e-01
 8.570e-02 -9.039e-01
 8.575e-02 -3.358e-02
 8.580e-02  7.358e-01
 8.585e-02  3.768e-01
 8.590e-02  6.534e-01
 8.595e-02  6.736e-01
 8.600e-02  8.554e-01
 8.605e-02 -6.905e-01
 8.610e-02 -7.853e-01
 8.615e-02 -3.748e-01
 8.620e-02  2.642e-01
 8.625e-02  1.939e-01
 8.630e-02  2.999e-01
 8.635e-02  1.445e+00
 8.640e-02  8.408e-01
 8.645e-02  7.776e-02
 8.650e-02 -5.535e-01
 8.655e-02 -3.610e-02
 8.660e-02 -3.890e-01
 8.665e-02 -2.869e-01
 8.670e-02  2.307e-01
 8.675e-02  1.188e+00
 8.680e-02  1.506e+00
 8.685e-02 -8.526e-02
 8.690e-02 -4.163e-02
 8.695e-02 -2.790e-01
 8.700e-02 -1.381e-01
 8.705e-02 -1.017e+00
 8.710e-02  3.807e-02
 8.715e-02  6.805e-01
 8.720e-02  1.341e+00
 8.725e-02  7.183e-01
 8.730e-02  1.780e-01
 8.735e-02  5.365e-01
 8.740e-02 -1.959e-01
 8.745e-02 -5.533e-01
 8.750e-02 -4.841e-01
 8.755e-02  7.205e-01
 8.760e-02  1.017e+00
 8.765e-02  9.660e-01
 8.770e-02  3.353e-01
 8.775e-02  5.288e-01
 8.780e-02  1.015e-01
 8.785e-02 -1.125e+00
 8.790e-02 -7.397e-01
 8.795e-02 -7.711e-02
 8.800e-02  1.087e+00
 8.805e-02  4.552e-01
 8.810e-02  5.373e-01
 8.815e-02  7.658e-01
 8.820e-02  2.420e-01
 8.825e-02 -4.321e-01
 8.830e-02 -1.034e+00
 8.835e-02  1.743e-01
 8.840e-02  4.128e-01
 8.845e-02  7.785e-01
 8.850e-02  6.051e-01
 8.855e-02  1.248e+00
 8.860e-02  7.031e-01
 8.865e-02 -9.252e-02
 8.870e-02 -8.919e-01
 8.875e-02 -2.978e-01
 8.880e-02  2.687e-01
 8.885e-02 -3.862e-02
 8.890e-02  4.770e-01
 8.895e-02  9.699e-01
 8.900e-02  1.282e+00
 8.905e-02  9.401e-03
 8.910e-02 -2.995e-01
 8.915e-02 -4.027e-01
 8.920e-02 -7.413e-02
 8.925e-02 -3.902e-01
 8.930e-02  2.072e-01
 8.935e-02  1.312e+00
 8.940e-02  1.102e+00
 8.945e-02  5.532e-01
 8.950e-02 -1.780e-01
 8.955e-02  1.168e-01
 8.960e-02 -2.548e-01
 8.965e-02 -4.370e-01
 8.970e-02 -3.237e-01
 8.975e-02  8.604e-01
 8.980e-02  1.249e+00
 8.985e-02  4.766e-01
 8.990e-02  1.769e-01
 8.995e-02 -2.080e-01
 9.000e-02 -7.556e-02
 9.005e-02 -1.136e+00
 9.010e-02 -5.293e-01
 9.015e-02  3.774e-01
 9.020e-02  1.104e+00
 9.025e-02  9.078e-01
 9.030e-02  5.135e-01
 9.035e-02  8.616e-01
 9.040e-02  4.265e-02
 9.045e-02 -6.303e-01
 9.050e-02 -9.744e-01
 9.055e-02  3.401e-01
 9.060e-02  6.328e-01
 9.065e-02  7.825e-01
 9.070e-02  6.355e-01
 9.075e-02  9.890e-01
 9.080e-02  4.408e-01
 9.085e-02 -1.028e+00
 9.090e-02 -9.378e-01
 9.095e-02 -5.069e-01
 9.100e-02  4.527e-01
 9.105e-02 -6.857e-02
 9.110e-02  8.584e-01
 9.115e-02  9.575e-01
 9.120e-02  9.346e-01
 9.125e-02 -3.414e-01
 9.130e-02 -8.782e-01
 9.135e-02 -2.515e-01
 9.140e-02 -1.886e-01
 9.145e-02  1.982e-01
 9.150e-02  3.636e-01
 9.155e-02  1.659e+00
 9.160e-02  1.201e+00
 9.165e-02  2.116e-01
 9.170e-02 -4.575e-01
 9.175e-02 -2.104e-01
 9.180e-02 -3.573e-01
 9.185e-02 -5.979e-01
 9.190e-02  2.837e-01
 9.195e-02  9.269e-01
 9.200e-02  1.201e+00
 9.205e-02  2.983e-01
 9.210e-02  1.144e-02
 9.215e-02 -1.385e-01
 9.220e-02 -3.722e-01
 9.225e-02 -6.130e-01
 9.230e-02 -5.201e-01
 9.235e-02  1.084e+00
 9.240e-02  1.305e+00
 9.245e-02  9.874e-01
 9.250e-02  3.546e-01
 9.255e-02  7.458e-01
 9.260e-02 -1.590e-01
 9.265e-02 -7.728e-01
 9.270e-02 -7.362e-01
 9.275e-02  2.000e-01
 9.280e-02  9.191e-01
 9.285e-02  3.622e-01
 9.290e-02  5.951e-01
 9.295e-02  4.342e-01
 9.300e-02  4.806e-01
 9.305e-02 -1.092e+00
 9.310e-02 -9.306e-01
 9.315e-02 -2.450e-01
 9.320e-02  6.127e-01
 9.325e-02  7.710e-01
 9.330e-02  4.463e-01
 9.335e-02  1.287e+00
 9.340e-02  4.383e-01
 9.345e-02 -3.829e-01
 9.350e-02 -1.065e+00
 9.355e-02  1.195e-01
 9.360e-02  1.115e-01
 9.365e-02  1.279e-01
 9.370e-02  6.267e-01
 9.375e-02  1.118e+00
 9.380e-02  1.154e+00
 9.385e-02 -3.186e-01
 9.390e-02 -4.942e-01
 9.395e-02 -7.777e-01
 9.400e-02 -5.540e-02
 9.405e-02 -5.533e-01
 9.410e-02  2.506e-01
 9.415e-02  1.072e+00
 9.420e-02  1.324e+00
 9.425e-02  2.322e-01
 9.430e-02 -6.022e-01
 9.435e-02  7.214e-02
 9.440e-02 -1.823e-01
 9.445e-02 -4.167e-01
 9.450e-02 -2.166e-01
 9.455e-02  1.205e+00
 9.460e-02  1.052e+00
 9.465e-02  4.869e-01
 9.470e-02  1.512e-01
 9.475e-02 -1.872e-01
 9.480e-02 -7.076e-02
 9.485e-02 -1.027e+00
 9.490e-02 -2.412e-01
 9.495e-02  3.156e-01
 9.500e-02  1.386e+00
 9.505e-02  3.509e-01
 9.510e-02  4.026e-01
 9.515e-02  4.278e-01
 9.520e-02  8.712e-02
 9.525e-02 -6.968e-01
 9.530e-02 -7.090e-01
 9.535e-02  3.407e-01
 9.540e-02  7.167e-01
 9.545e-02  8.989e-01
 9.550e-02  6.167e-01
 9.555e-02  1.091e+00
 9.560e-02  1.346e-01
 9.565e-02 -7.992e-01
 9.570e-02 -7.677e-01
 9.575e-02 -1.333e-01
 9.580e-02  4.623e-01
 9.585e-02  3.288e-01
 9.590e-02  9.358e-01
 9.595e-02  1.018e+00
 9.600e-02  6.187e-01
 9.605e-02 -5.012e-01
 9.610e-02 -6.639e-01
 9.615e-02 -4.726e-01
 9.620e-02  2.730e-01
 9.625e-02  1.311e-02
 9.630e-02  4.396e-01
 9.635e-02  1.534e+00
 9.640e-02  1.058e+00
 9.645e-02  3.654e-01
 9.650e-02 -6.875e-01
 9.655e-02 -6.091e-02
 9.660e-02 -1.462e-01
 9.665e-02 -1.087e-01
 9.670e-02  2.635e-01
 9.675e-02  1.018e+00
 9.680e-02  1.455e+00
 9.685e-02  2.437e-01
 9.690e-02 -1.438e-01
 9.695e-02 -6.285e-01
 9.700e-02 -2.560e-01
 9.705e-02 -7.773e-01
 9.710e-02 -1.845e-01
 9.715e-02  1.013e+00
 9.720e-02  1.371e+00
 9.725e-02  7.475e-01
 9.730e-02 -8.326e-02
 9.735e-02  5.729e-01
 9.740e-02 -1.623e-01
 9.745e-02 -4.364e-01
 9.750e-02 -6.719e-01
 9.755e-02  8.716e-01
 9.760e-02  1.011e+00
 9.765e-02  9.207e-01
 9.770e-02  6.512e-01
 9.775e-02  3.984e-01
 9.780e-02  1.213e-01
 9.785e-02 -1.120e+00
 9.790e-02 -7.515e-01
 9.795e-02 -2.959e-01
 9.800e-02  7.693e-01
 9.805e-02  4.412e-01
 9.810e-02  6.920e-01
 9.815e-02  6.658e-01
 9.820e-02  2.610e-01
 9.825e-02 -4.342e-01
 9.830e-02 -1.052e+00
 9.835e-02  9.931e-02
 9.840e-02  3.891e-01
 9.845e-02  7.563e-01
 9.850e-02  7.406e-01
 9.855e-02  1.352e+00
 9.860e-02  7.380e-01
 9.865e-02 -2.621e-01
 9.870e-02 -7.745e-01
 9.875e-02 -3.422e-01
 9.880e-02 -1.035e-01
 9.885e-02 -3.809e-01
 9.890e-02  7.027e-01
 9.895e-02  1.146e+00
 9.900e-02  1.199e+00
 9.905e-02 -7.434e-02
 9.910e-02 -5.409e-01
 9.915e-02 -2.882e-01
 9.920e-02 -3.593e-02
 9.925e-02 -1.352e-01
 9.930e-02  7.147e-02
 9.935e-02  1.387e+00
 9.940e-02  1.104e+00
 9.945e-02  5.712e-01
 9.950e-02 -1.556e-01
 9.955e-02  2.104e-01
 9.960e-02 -4.406e-01
 9.965e-02 -5.760e-01
 9.970e-02 -5.261e-02
 9.975e-02  9.009e-01
 9.980e-02  1.297e+00
 9.985e-02  3.082e-01
 9.990e-02  2.758e-01
 9.995e-02  9.093e-02
 1.000e-01  8.375e-03
